210
210
0
0
00150
360
210
360
360
3000
360
360
280
100
210
450
450
210
910
280
550
910
1050
1200
4960
660
1200
780
910
210
780
660
280
780
10
280
10
1530
1050
780
1360
10
10
360
910
280
910
1530
10
1530
210
1050
910
1050
1900
1360
450
360
10
280
780
1050
3510
1530
360
450
1200
10
550
1710
780
910
1710
1200
1360
2310
1200
360
280
360
360
1530
1050
780
550
3000
360
910
660
1710
3780
7800
1360
2100
910
2310
1050
3510
360
360
550
14850
780
780
450
780
210
1530
210
210
660
360
550
100
660
450
360
210
660
450
